0
2
142 28 853
94 82 884
1
5
77 164 402
129 10 544
14 151 915
43 177 122
29 108 909
2
8
156 123 260
98 172 908
125 104 452
163 76 910
110 119 775
139 168 783
15 133 887
93 122 998
3
2
36 81 516
68 90 230
4
10
182 52 678
106 19 61
67 105 716
81 33 594
26 134 848
35 190 402
40 81 751
166 35 47
81 159 816
163 189 853
5
7
79 31 140
140 163 48
48 186 166
116 106 339
28 90 475
60 161 672
10 132 515
6
10
62 53 839
33 63 260
46 176 238
104 146 135
48 143 960
188 18 238
14 55 492
25 163 554
25 40 593
184 118 185
7
10
121 56 699
55 187 370
146 184 428
183 133 20
77 49 53
60 109 210
70 160 105
119 49 77
58 158 905
37 106 871
8
4
94 22 361
87 164 45
184 130 572
161 150 170
9
2
27 69 318
44 69 608
10
9
111 19 107
102 17 91
106 62 901
175 7 141
176 86 324
67 135 985
67 171 33
120 7 904
180 195 763
11
5
196 30 762
113 66 341
157 174 505
179 139 640
162 45 142
12
10
142 35 84
143 150 26
105 44 252
98 130 580
39 101 637
66 104 479
135 115 892
102 74 105
127 18 989
15 134 212
13
8
51 88 116
125 16 985
27 194 519
67 168 620
161 196 928
177 79 430
67 116 629
186 8 753
14
10
188 93 299
80 120 708
73 178 384
165 67 696
102 44 679
142 8 194
196 182 981
106 23 309
150 50 991
86 187 731
15
10
105 8 388
100 54 938
17 171 454
142 192 14
7 95 201
145 62 641
75 53 536
8 138 366
112 169 617
116 120 144
16
3
193 38 112
14 164 58
193 85 651
17
6
113 87 526
180 108 966
55 193 161
143 149 229
31 188 409
185 19 501
18
6
29 55 631
167 12 4
95 198 535
41 91 618
54 154 482
114 189 335
19
1
154 65 565
20
2
27 65 484
189 9 537
21
6
58 52 83
188 14 363
128 50 69
175 167 285
121 161 96
146 142 58
22
6
95 32 421
4 124 614
123 133 646
47 130 103
122 176 624
90 172 393
23
3
14 87 955
171 189 437
110 6 811
24
8
67 98 537
106 160 843
58 142 231
4 187 299
39 150 835
54 186 604
24 189 927
178 105 249
25
9
50 162 454
44 192 820
154 152 813
95 21 906
133 180 52
95 14 440
127 156 247
68 176 751
33 151 426
26
7
156 135 149
77 196 403
127 10 849
125 148 489
10 104 66
177 80 674
35 117 489
27
6
165 111 547
143 146 501
107 123 139
21 54 481
147 190 482
18 190 357
28
4
54 194 39
164 64 357
151 85 576
121 194 376
29
10
5 138 654
86 59 802
16 51 364
183 109 433
127 57 524
121 162 96
179 130 912
74 154 596
192 133 679
88 54 740
30
4
44 194 311
118 176 707
116 178 866
153 119 582
31
4
34 142 431
80 90 353
70 192 103
144 185 841
32
3
157 75 133
101 81 25
189 142 869
33
5
53 190 40
176 166 886
19 39 198
160 28 763
96 192 239
34
7
10 107 610
8 110 236
190 195 913
12 156 714
144 94 648
83 94 772
14 192 87
35
2
194 174 626
6 131 265
36
10
155 20 856
136 49 610
10 145 179
40 180 899
50 49 563
67 126 732
117 7 386
109 77 168
7 73 653
180 41 17
37
8
52 186 309
61 187 51
61 152 529
163 91 403
22 193 474
173 132 863
56 37 762
152 110 699
38
3
171 123 302
87 67 388
55 44 849
39
5
161 122 914
128 63 528
141 94 893
154 114 363
160 136 717
40
10
30 159 474
40 168 251
93 49 236
128 120 953
183 93 545
157 62 14
124 30 359
176 129 228
123 58 29
18 151 981
41
8
125 28 575
38 46 158
73 41 444
176 35 624
94 43 857
180 135 175
192 38 614
145 139 21
42
10
184 58 301
180 21 259
115 88 12
158 27 26
152 30 334
185 65 197
150 88 343
189 15 439
57 134 118
59 40 734
43
6
65 129 833
38 198 478
80 27 934
165 107 118
84 40 312
81 161 823
44
1
109 175 106
45
1
53 76 75
46
8
27 173 228
70 177 844
88 36 669
134 15 394
120 114 878
126 177 603
25 39 377
140 142 154
47
10
70 168 283
172 64 580
65 63 750
150 184 875
119 77 846
180 141 647
182 37 567
104 130 212
19 69 57
27 55 765
48
4
117 149 284
40 92 828
11 119 412
17 65 717
49
7
31 96 830
137 67 545
11 40 937
196 4 432
194 152 257
175 124 373
109 188 834
50
5
43 149 994
162 37 407
132 29 396
147 61 903
41 85 379
51
2
123 103 812
159 184 102
52
2
21 111 709
110 72 533
53
6
109 122 218
136 163 438
181 190 345
180 33 974
137 69 632
128 112 318
54
9
163 198 465
189 49 122
112 44 20
16 153 993
106 50 790
58 191 61
93 174 741
74 79 278
98 40 291
55
7
107 47 70
127 16 677
157 166 83
91 155 104
153 76 880
189 21 606
193 23 809
56
8
63 35 263
123 125 162
40 49 142
157 41 941
148 186 972
54 167 212
51 178 314
64 178 890
57
7
35 128 398
150 127 56
164 27 227
53 125 621
135 109 621
64 46 717
84 108 941
58
9
127 35 655
159 89 22
121 193 8
45 122 750
129 144 280
58 177 162
19 168 99
77 137 814
132 110 872
59
10
194 30 166
75 57 996
44 70 48
190 23 57
156 6 887
12 119 261
155 182 394
75 188 970
179 120 641
31 91 586
60
6
107 110 647
124 94 535
186 30 1000
20 46 661
104 165 256
7 132 621
61
1
80 96 812
62
9
118 122 133
66 160 364
27 78 497
78 116 844
63 119 604
86 141 773
114 181 586
142 19 624
61 168 711
63
3
86 116 727
161 198 37
16 90 65
64
6
128 22 571
171 149 892
89 25 820
161 183 123
149 188 154
85 112 877
65
6
90 35 470
179 31 793
113 182 361
125 68 942
66 146 57
66 76 992
66
1
162 178 846
67
10
127 25 423
115 114 711
148 137 68
82 174 250
110 190 841
31 111 757
90 130 818
114 79 356
72 194 591
195 34 411
68
5
44 43 789
108 178 299
180 64 174
136 136 713
57 43 88
69
10
96 76 88
196 10 544
72 138 940
12 151 536
162 57 182
167 156 719
56 165 342
14 148 216
178 98 154
17 193 878
70
3
186 193 946
143 84 355
178 126 616
71
6
60 103 905
5 179 431
52 110 7
4 166 260
6 169 617
137 98 828
72
6
155 119 202
91 111 295
98 106 243
176 168 217
115 14 629
94 87 358
73
4
129 54 436
143 182 255
165 29 22
180 164 34
74
1
107 40 559
75
1
28 195 821
76
4
91 183 994
44 103 400
193 165 222
26 89 791
77
2
131 68 76
29 169 22
78
3
68 93 549
162 128 420
125 156 430
79
5
117 133 462
108 173 255
116 121 532
104 112 637
170 63 984
80
6
165 114 903
56 140 996
168 118 542
159 174 977
137 106 157
196 189 343
81
3
89 77 209
52 172 321
193 140 759
82
8
126 196 467
108 191 957
58 87 297
144 193 925
162 19 106
11 147 158
142 123 364
56 129 971
83
7
121 93 616
106 34 472
159 94 815
105 17 485
191 144 560
139 112 712
38 109 292
84
2
124 173 389
21 101 749
85
8
70 62 86
56 111 312
86 171 284
196 16 949
58 107 931
192 123 740
12 62 533
95 139 544
86
5
5 91 85
148 79 576
133 132 853
16 159 194
59 106 384
87
6
13 177 635
32 106 872
163 93 209
110 164 489
22 107 63
96 40 925
88
6
68 31 264
65 50 771
39 130 794
139 126 340
144 20 703
173 134 530
89
10
168 116 995
115 28 554
166 30 41
121 62 128
105 27 4
35 162 703
89 185 464
41 162 643
20 167 982
131 63 22
90
7
124 148 379
123 167 779
13 49 160
127 59 541
61 61 805
124 88 768
162 189 122
91
2
167 69 528
15 160 314
92
2
38 76 608
182 190 714
93
5
22 181 766
114 163 606
90 63 284
139 184 458
129 145 533
94
9
42 95 812
70 44 333
127 126 25
95 103 304
166 111 659
13 82 848
15 162 419
157 39 59
90 180 125
95
1
66 98 183
96
6
193 195 991
158 35 657
84 153 29
147 79 544
142 15 564
93 91 887
97
9
185 158 912
132 191 754
47 90 978
127 129 851
195 142 495
118 98 878
27 48 419
198 180 466
57 150 669
98
4
198 24 946
191 33 531
91 184 670
110 104 902
99
2
174 35 584
115 90 980
100
10
154 11 413
167 158 419
10 128 215
18 160 187
47 123 12
48 164 277
157 61 107
56 93 729
138 192 915
185 119 752
101
3
146 76 535
112 37 951
13 185 735
102
8
6 120 544
189 155 404
195 40 55
171 86 829
126 163 809
148 46 373
41 130 840
130 60 354
103
3
83 123 879
12 77 23
186 85 257
104
6
160 188 582
147 169 287
34 91 401
128 121 612
160 175 18
196 56 265
105
5
152 33 913
17 137 975
181 45 935
126 16 716
156 183 872
106
8
116 89 94
169 176 536
73 152 832
76 72 874
165 39 822
82 145 82
178 194 436
140 46 382
107
5
142 119 403
110 23 1
135 55 347
122 105 458
79 158 450
108
10
166 98 223
61 83 275
75 121 40
37 66 218
187 182 939
104 126 568
7 188 922
134 34 125
89 60 895
11 46 778
109
1
62 50 531
110
5
166 149 988
67 56 73
156 179 220
109 36 382
156 110 469
111
4
188 189 6
198 72 518
73 32 148
191 107 92
112
1
150 35 506
113
8
41 50 595
160 39 332
118 14 463
177 191 348
8 84 691
158 54 118
174 75 513
168 137 390
114
8
117 89 588
73 149 473
86 195 966
109 17 349
168 112 682
138 7 543
17 50 743
15 48 244
115
4
190 167 657
195 8 176
32 124 33
183 41 646
116
9
105 155 693
117 180 396
191 34 263
15 106 378
34 110 313
186 29 332
8 193 788
21 167 765
84 136 234
117
9
173 195 480
58 84 468
178 160 210
172 165 811
31 164 359
178 12 938
76 92 364
161 163 96
84 135 970
118
5
86 88 287
167 151 116
100 55 751
4 103 667
98 13 546
119
3
159 67 576
85 158 521
106 146 601
120
3
85 24 163
114 124 675
41 45 621
121
7
188 117 435
26 86 217
174 132 901
97 25 409
166 127 96
91 94 846
41 78 87
122
10
111 129 879
24 153 555
118 65 770
112 114 365
141 48 831
187 64 70
102 174 849
34 181 266
128 95 369
41 191 325
123
1
92 144 413
124
5
5 112 974
194 50 258
163 113 771
139 36 106
59 81 451
125
6
111 76 176
44 129 647
133 33 130
160 66 781
63 134 911
155 37 612
126
4
20 131 905
16 124 175
87 192 340
9 67 974
127
4
195 41 571
64 94 853
18 124 903
17 157 601
128
2
135 151 69
54 137 725
129
7
69 35 512
139 10 1000
147 88 831
88 58 216
87 152 975
138 115 228
44 187 585
130
4
17 93 783
12 42 998
186 111 981
105 135 436
131
1
112 58 936
132
5
136 166 404
98 177 773
137 180 677
62 192 177
179 62 736
133
6
48 178 916
114 92 825
10 193 538
110 107 996
143 142 401
177 168 821
134
7
173 144 928
166 144 551
87 89 223
80 163 965
42 115 761
186 160 109
145 86 975
135
10
171 118 262
148 73 885
16 179 719
69 160 686
178 32 200
96 66 551
121 195 764
7 135 312
164 106 424
41 144 717
136
5
26 188 558
193 37 856
25 149 57
154 54 817
179 148 962
137
7
93 151 159
156 144 429
43 104 847
116 95 313
153 86 805
107 141 746
140 147 407
138
7
56 174 897
121 58 833
79 90 997
162 188 145
36 107 502
117 192 967
120 39 294
139
8
112 137 354
28 40 583
98 186 344
194 46 732
126 54 801
143 83 269
166 49 744
118 130 572
140
3
189 181 308
58 176 558
171 101 774
141
7
190 90 355
150 163 16
81 166 623
146 52 6
64 181 123
72 40 764
198 194 637
142
2
73 113 122
196 38 276
143
9
34 50 288
44 82 59
87 108 431
181 139 190
13 132 539
192 172 706
11 108 530
25 64 141
185 168 49
144
5
120 59 304
143 134 503
9 190 149
181 40 38
108 193 907
145
10
183 14 53
166 166 843
181 89 64
180 132 257
92 79 903
119 189 556
146 8 225
54 85 805
12 85 528
114 125 329
146
9
163 134 696
192 36 779
126 145 663
55 92 250
128 172 410
192 119 761
174 180 720
155 159 134
60 141 874
147
7
170 195 16
6 112 165
84 46 115
52 127 757
70 103 480
173 187 71
163 112 42
148
8
156 35 146
155 137 642
115 94 497
104 18 867
63 45 222
159 101 981
110 109 227
184 165 269
149
1
130 91 836
150
6
166 114 930
173 180 536
74 139 783
34 193 387
87 50 145
143 104 361
151
8
173 112 461
196 176 525
138 68 404
130 147 972
76 135 257
6 104 983
134 24 74
117 183 954
152
5
65 194 484
191 180 822
18 113 243
152 84 953
182 47 501
153
5
112 88 192
133 38 304
11 93 962
81 60 375
74 172 530
154
2
86 131 995
29 61 256
155
6
172 82 321
60 91 586
131 5 130
169 12 886
58 148 63
26 163 346
156
4
63 101 423
36 44 577
192 193 119
140 123 12
157
10
196 66 759
139 38 837
56 141 121
18 106 156
67 86 431
144 143 104
88 60 623
64 157 642
11 174 412
164 92 210
158
5
154 189 849
156 56 639
135 95 291
61 137 819
160 76 944
159
8
180 14 77
119 150 232
56 42 245
104 168 666
129 67 656
73 86 163
92 39 792
136 152 381
160
3
94 44 130
17 109 222
16 47 416
161
3
27 67 782
61 193 136
83 36 323
162
1
96 119 668
163
10
174 172 920
38 93 409
180 152 714
193 128 435
32 95 354
109 179 342
95 84 635
125 168 435
50 54 666
11 138 598
164
10
134 47 413
95 186 184
181 25 497
42 117 366
170 196 753
139 122 604
61 170 574
168 93 552
156 191 514
21 105 292
165
2
75 68 809
57 177 649
166
10
130 141 448
152 122 808
165 159 372
155 98 727
93 176 164
30 165 171
28 130 396
13 149 84
4 184 369
53 159 792
167
5
121 136 913
158 39 930
141 191 765
127 162 681
24 193 711
168
2
164 137 767
68 80 271
169
10
76 76 237
58 72 236
141 174 399
41 140 639
192 104 767
6 113 181
57 72 453
33 61 65
75 42 218
195 108 119
170
7
23 77 541
169 121 513
131 32 758
163 96 301
146 92 983
20 78 257
194 76 686
171
1
128 103 559
172
4
25 123 302
169 77 21
22 132 350
162 61 815
173
9
24 70 667
159 52 342
192 187 763
117 64 714
173 150 475
65 179 229
67 51 449
93 115 557
185 35 705
174
8
16 54 213
82 181 276
95 122 962
180 30 356
96 135 943
188 56 595
47 74 972
28 103 247
175
9
66 34 127
114 33 765
64 52 877
109 116 429
87 77 719
48 152 916
154 143 548
114 82 805
158 135 831
176
8
95 91 160
43 178 652
75 110 914
45 168 645
137 185 67
156 148 897
23 107 945
42 67 80
177
2
159 91 924
188 158 234
178
5
96 20 660
112 30 237
126 62 362
71 144 571
74 74 993
179
5
146 182 23
81 128 482
123 32 41
17 118 621
150 16 911
180
8
69 130 787
183 58 600
137 111 816
125 22 467
189 187 71
42 105 70
23 138 961
79 167 893
181
3
122 117 303
118 49 363
134 122 918
182
5
170 32 671
73 82 607
180 188 760
146 70 193
181 124 629
183
10
170 14 863
38 134 792
78 65 336
58 126 617
88 129 602
93 48 871
25 65 845
88 92 927
146 133 64
198 166 216
184
6
135 44 317
38 123 876
182 115 350
153 175 513
170 46 17
193 143 613
185
4
109 91 660
112 127 744
171 38 444
64 78 469
186
1
36 46 486
187
1
34 40 149
188
4
122 27 841
164 146 224
172 40 295
89 163 43
189
10
191 135 61
75 194 892
159 188 666
154 127 377
42 198 389
54 73 472
37 188 484
30 161 948
191 76 98
80 114 423
190
10
29 152 76
87 32 275
86 158 502
124 171 991
132 147 970
106 37 976
148 92 854
128 179 864
118 86 156
77 39 462
191
9
30 79 144
12 76 529
11 106 854
92 42 863
126 131 514
166 108 332
170 117 279
89 24 299
5 161 773
192
1
116 140 619
193
10
93 138 711
90 134 289
170 177 671
48 142 509
169 11 772
64 60 306
165 47 811
126 86 612
107 62 140
89 184 135
194
1
28 184 1000
195
10
126 77 327
60 117 246
187 32 93
116 157 835
68 133 953
104 79 294
128 159 508
156 40 496
81 118 607
14 62 690
196
4
181 176 543
85 198 7
122 185 504
195 17 798
197
6
85 115 800
46 71 208
127 95 855
179 176 93
141 28 694
34 78 312
198
5
42 154 884
186 132 291
129 61 154
108 164 301
152 145 476
199
4
41 186 644
139 25 616
85 107 534
104 166 172
200
7
180 78 596
46 82 738
38 126 379
28 156 499
194 62 383
60 191 576
171 77 486
201
5
119 166 760
136 122 101
91 129 425
40 147 444
40 94 818
202
9
142 83 89
150 43 904
59 37 481
105 80 577
69 120 706
192 30 764
86 67 890
130 134 670
21 158 633
203
9
124 116 977
184 158 284
41 113 395
28 149 706
12 43 718
128 184 115
61 85 253
173 65 956
188 44 295
204
10
100 90 292
113 25 620
128 73 870
125 193 477
28 166 28
165 64 730
117 150 23
108 154 367
16 140 788
155 193 401
205
9
74 90 639
57 101 61
115 62 805
90 75 502
68 91 479
142 175 444
143 7 882
167 101 633
130 189 260
206
7
51 172 326
52 58 110
42 137 598
19 124 347
27 128 919
19 195 124
46 196 88
207
2
43 114 289
149 98 848
208
10
140 170 205
19 127 137
74 112 145
176 135 650
43 93 865
57 163 79
166 179 297
193 81 826
82 176 298
180 133 340
209
1
19 149 109
210
1
123 116 785
211
3
112 177 374
20 90 543
176 36 568
212
1
124 128 907
213
4
152 166 4
177 124 160
88 38 647
171 19 169
214
1
50 76 737
215
9
58 101 703
94 135 657
110 22 898
127 164 674
80 149 478
77 66 547
132 106 886
166 159 486
24 174 583
216
8
9 195 180
135 107 384
155 142 899
24 77 403
141 187 582
158 8 664
57 84 524
73 193 184
217
1
55 175 457
218
10
142 165 877
133 16 266
43 61 15
96 83 555
181 91 905
186 62 317
47 186 223
91 166 738
142 11 667
17 131 142
219
7
138 31 95
39 134 682
81 130 74
161 180 880
196 125 112
132 76 401
176 72 894
220
8
45 74 927
191 126 514
173 171 639
90 111 748
187 98 823
150 86 67
106 109 355
172 161 318
221
5
171 84 272
166 133 307
70 146 302
63 189 194
59 145 971
222
1
144 29 99
223
8
187 106 22
8 176 772
85 155 560
69 84 293
180 104 344
58 44 966
48 86 737
42 194 464
224
2
142 26 629
35 198 189
225
8
128 173 102
100 191 856
92 150 102
159 77 794
185 155 679
173 81 532
124 154 878
114 104 973
226
8
14 91 670
133 80 227
17 198 96
170 109 377
144 67 825
6 118 665
110 95 855
90 116 378
227
9
34 139 72
168 28 144
85 144 401
105 184 88
168 94 729
139 42 538
93 184 893
192 69 822
95 195 454
228
8
98 156 847
195 23 410
14 75 56
61 95 705
115 167 420
140 42 176
171 119 236
196 13 261
229
8
60 185 617
100 126 536
14 96 709
53 113 191
128 56 512
25 108 220
165 192 536
68 186 556
230
3
41 161 374
142 88 750
87 46 989
231
4
109 88 906
134 194 379
93 118 533
178 9 296
232
6
120 177 812
21 77 655
125 77 155
183 66 931
38 50 889
184 14 504
233
8
117 166 626
147 112 895
173 46 97
142 45 971
191 11 691
43 167 897
124 158 112
172 169 57
234
5
185 154 202
113 88 159
183 161 876
68 64 312
47 42 430
235
8
166 45 378
176 103 252
136 128 48
180 12 734
46 162 276
68 71 484
7 123 960
196 148 700
236
4
122 84 825
43 155 837
58 118 1000
156 13 332
237
2
92 188 661
168 103 44
238
6
145 39 639
108 149 444
135 145 334
168 176 330
66 133 990
186 198 486
239
9
178 165 776
75 39 845
188 118 835
14 185 773
198 77 726
83 51 868
171 44 546
48 132 888
89 119 423
240
1
102 197 3
241
6
94 64 674
124 51 351
62 92 595
195 61 802
152 17 846
14 109 474
242
1
109 41 348
243
1
168 189 730
244
7
89 88 107
63 133 36
23 191 795
107 149 455
118 33 204
72 34 556
128 70 159
245
9
84 66 107
65 165 17
131 101 132
178 72 87
11 45 286
56 87 260
26 58 114
116 193 186
65 180 831
246
3
139 76 907
105 95 720
118 167 491
247
2
100 40 526
183 105 687
248
6
154 35 717
104 173 414
37 92 686
144 82 983
129 56 412
113 65 856
249
5
187 185 838
157 168 589
77 109 215
83 176 507
86 63 421
250
5
96 58 245
122 137 636
120 133 984
66 128 429
24 73 528
251
1
25 182 14
252
4
142 98 529
173 78 216
193 127 590
121 96 308
253
8
104 31 970
184 192 648
48 144 500
16 117 108
32 191 855
170 167 559
45 44 13
104 167 115
254
3
114 133 675
175 166 129
59 162 23
255
9
157 182 232
142 96 341
179 164 97
47 159 812
106 29 330
49 87 553
77 110 862
172 24 254
177 4 951
256
4
67 160 600
125 93 462
170 124 311
184 195 873
257
7
37 107 325
122 13 397
7 74 647
185 98 229
130 120 861
102 198 718
62 67 579
258
10
154 91 387
29 70 479
132 34 683
69 92 286
48 115 537
54 188 947
21 162 607
191 118 84
18 93 426
45 47 22
259
2
19 61 73
16 184 432
260
9
54 63 431
23 152 910
13 52 449
47 81 284
110 192 997
179 179 565
76 173 412
125 167 890
23 98 988
261
6
143 147 870
198 182 103
74 94 334
124 69 694
162 35 649
111 94 715
262
7
198 170 992
27 53 322
70 47 589
158 21 849
190 93 70
102 37 193
78 47 894
263
5
143 183 862
190 49 374
9 165 114
72 136 266
127 56 391
264
4
139 94 746
176 46 73
4 196 743
71 162 443
265
10
24 65 579
16 156 579
74 166 939
138 88 81
161 178 693
20 108 107
130 90 408
45 104 314
84 84 883
146 190 539
266
3
34 150 713
129 113 621
11 193 366
267
7
142 76 141
88 166 239
86 173 722
95 116 48
163 49 384
62 94 940
140 86 29
268
7
87 135 535
111 4 456
140 190 641
143 55 39
69 34 250
159 98 568
28 76 885
269
4
44 105 697
79 124 432
186 172 627
167 21 587
270
7
175 13 532
17 46 552
111 89 174
83 35 57
54 117 351
69 168 38
7 90 454
271
9
133 114 268
4 85 521
129 20 91
112 22 682
94 52 343
74 81 414
108 167 907
129 165 820
12 118 430
272
5
57 180 138
156 80 433
148 136 274
163 122 252
167 78 49
273
8
98 65 96
53 109 804
44 42 99
182 22 422
130 121 619
124 138 31
198 106 896
128 87 726
274
2
139 174 692
25 134 294
275
9
84 25 372
81 138 656
120 111 673
139 35 634
165 58 634
154 150 643
192 43 171
172 84 826
154 182 447
276
7
135 158 142
137 161 297
63 54 164
52 120 471
190 81 528
85 94 544
148 108 57
277
3
65 80 682
114 108 882
152 14 187
278
10
133 26 742
113 114 287
71 69 637
100 190 82
190 160 683
115 156 563
189 28 993
154 141 434
59 132 12
82 148 427
279
2
37 77 68
196 116 805
280
1
94 150 414
281
6
154 172 888
8 77 411
10 187 171
192 185 227
13 163 698
110 149 554
282
3
91 144 152
143 62 867
19 136 401
283
8
152 34 435
68 158 843
95 89 521
94 164 676
190 141 795
30 59 255
15 46 208
118 4 44
284
5
189 10 233
110 134 82
198 137 967
111 35 847
82 32 625
285
4
110 29 330
184 46 14
28 81 585
55 172 799
286
3
110 85 714
128 18 756
92 86 766
287
5
139 110 173
156 143 641
186 92 695
186 9 352
148 77 713
288
3
171 172 496
95 174 579
146 44 772
289
2
57 147 803
194 48 930
290
8
174 47 348
83 48 761
11 105 931
113 104 852
88 31 706
120 5 922
181 189 937
33 46 467
291
9
190 7 456
149 178 965
32 166 943
65 177 854
102 11 876
19 115 915
159 8 66
60 126 242
102 18 55
292
10
165 9 902
45 39 816
114 95 251
73 67 332
116 134 19
20 141 894
84 51 878
139 107 285
193 62 799
37 94 618
293
4
92 113 645
194 118 319
143 74 467
64 62 683
294
10
184 161 32
126 52 907
110 194 95
85 120 282
31 193 634
161 177 711
45 186 359
89 87 128
50 78 787
15 136 110
295
4
176 172 698
46 78 929
187 186 875
93 23 230
296
8
126 87 175
93 163 0
169 73 54
189 78 357
174 44 608
131 42 847
178 111 707
31 80 188
297
5
172 52 380
157 31 986
192 22 861
176 170 223
82 52 142
298
10
100 87 202
16 178 612
145 65 421
73 163 712
18 69 688
194 23 827
178 28 16
193 131 641
195 179 933
92 83 157
299
2
22 63 412
31 156 141
300
9
177 104 950
144 17 706
97 35 523
70 93 161
55 135 437
67 48 482
12 183 12
198 12 403
14 106 110
301
4
54 190 0
93 107 859
7 115 392
37 46 710
302
8
183 141 112
187 190 230
37 181 359
40 114 20
85 121 858
145 16 484
72 179 244
178 190 580
303
6
196 183 217
158 33 584
182 92 35
24 69 956
171 90 343
182 196 938
304
6
187 27 57
66 81 448
164 171 454
117 5 83
100 53 752
75 113 861
305
4
35 145 75
91 60 818
77 147 775
104 80 514
306
8
186 41 754
116 176 875
116 34 579
15 55 121
133 193 784
144 147 272
129 78 633
142 79 446
307
1
150 65 730
308
9
39 50 918
119 26 221
105 190 12
148 48 686
16 53 618
13 171 754
88 63 851
96 103 453
77 192 689
309
2
189 29 579
61 103 189
310
4
190 6 779
46 111 247
85 156 788
130 135 421
311
9
111 26 526
37 111 80
55 143 0
25 44 543
19 130 189
123 110 656
71 53 243
59 52 865
161 52 161
312
1
94 81 738
313
6
105 127 830
180 178 42
125 12 811
98 60 396
29 161 392
148 188 700
314
1
15 121 461
315
5
192 196 886
156 176 750
154 120 2
24 78 994
31 173 624
316
1
18 62 500
317
9
180 117 42
64 47 696
123 15 883
74 157 193
165 180 703
107 77 693
110 35 586
87 66 399
91 82 342
318
2
183 23 239
193 39 654
319
10
88 189 859
21 124 532
124 92 452
106 90 563
22 64 955
84 111 98
64 127 943
89 33 659
135 93 848
75 148 347
320
1
6 162 510
321
6
74 127 997
65 196 128
18 133 606
95 95 284
94 117 228
195 81 915
322
9
188 10 26
15 181 808
115 123 839
141 82 618
83 46 892
87 119 572
139 138 500
13 144 699
13 80 391
323
10
98 134 372
171 8 757
19 191 240
78 107 307
98 165 154
42 74 671
147 72 116
99 195 677
184 15 16
72 54 373
324
7
128 137 334
65 127 772
63 167 749
179 89 190
78 196 852
78 51 360
34 144 470
325
5
147 64 248
195 139 791
115 46 953
24 158 970
113 49 275
326
4
192 165 797
56 176 223
15 110 105
112 154 317
327
8
119 112 799
52 80 827
20 50 832
195 185 689
84 184 496
81 144 16
152 141 758
160 77 209
328
1
54 174 303
329
6
119 48 663
12 113 376
188 165 469
193 68 507
16 154 880
148 160 590
330
4
40 71 338
27 95 633
96 86 562
106 58 152
331
1
115 95 625
332
10
165 24 553
109 143 533
175 56 2
188 163 290
138 101 745
123 33 589
184 65 800
61 40 536
58 198 922
188 167 948
333
9
63 185 570
109 31 427
142 177 876
102 172 483
130 117 592
154 186 40
18 89 180
27 157 713
104 118 150
334
6
137 91 470
52 52 532
45 139 985
193 182 967
145 124 842
9 68 769
335
10
141 12 146
127 160 767
158 143 13
93 175 239
164 168 133
20 122 331
20 180 637
88 124 238
172 90 279
73 172 793
336
3
104 120 416
157 176 738
88 77 825
337
9
178 139 972
13 106 435
128 77 572
124 109 268
52 43 153
168 121 619
155 13 912
45 45 92
176 75 509
338
4
175 98 993
105 68 333
129 181 460
130 167 951
339
7
79 30 210
147 23 636
192 145 789
33 48 61
76 126 81
141 9 414
21 163 942
340
1
40 128 323
341
1
122 14 875
342
2
48 96 667
27 160 68
343
8
193 184 91
58 63 217
109 183 490
32 78 428
194 65 540
126 193 940
138 9 750
155 46 865
344
8
194 188 936
117 48 382
76 172 296
32 177 552
48 43 438
107 181 946
73 146 588
88 88 786
345
5
169 117 641
96 181 642
29 79 931
113 7 877
192 65 570
346
10
163 105 481
133 194 305
121 113 874
36 188 493
57 190 538
142 41 892
187 96 629
174 179 895
85 135 203
185 125 776
347
8
125 79 263
72 181 373
45 66 586
79 91 281
52 139 315
21 80 168
117 66 124
32 116 879
348
9
112 43 806
115 159 418
179 51 295
34 60 744
112 149 372
158 198 673
140 21 440
88 145 81
9 75 951
349
2
89 133 262
121 61 410
350
7
138 153 406
132 168 558
198 93 254
161 106 61
136 83 461
31 191 282
185 113 323
351
4
66 68 995
144 192 159
49 171 632
161 112 225
352
7
55 124 568
155 165 684
86 168 797
139 68 362
22 167 487
126 147 518
72 188 177
353
5
108 76 329
39 45 156
71 141 134
148 183 819
178 33 956
354
10
67 63 245
71 61 823
158 167 725
117 14 822
136 123 243
166 32 744
156 37 85
125 113 605
161 67 983
93 143 265
355
6
42 180 234
8 131 36
155 175 137
146 106 148
58 115 590
126 110 90
356
10
136 106 166
163 177 957
109 52 712
9 141 12
116 147 538
153 187 274
6 89 783
185 32 956
29 154 931
9 104 855
357
3
102 186 750
133 154 37
177 19 935
358
8
87 63 767
175 105 841
9 82 516
20 128 801
132 107 439
98 184 46
111 155 231
48 190 997
359
7
128 118 183
68 62 840
18 51 821
146 77 145
170 49 312
21 125 301
93 113 884
360
9
52 135 621
35 168 415
76 195 505
176 112 492
34 114 677
119 139 231
94 143 793
32 164 363
90 90 60
361
10
120 192 459
26 114 704
156 174 182
27 183 953
178 91 33
66 94 503
116 33 216
162 111 447
43 190 985
155 76 930
362
3
66 79 961
187 9 934
142 47 705
363
5
142 195 261
165 154 366
95 178 333
177 121 995
150 19 764
364
3
62 161 702
133 78 467
154 70 235
365
10
128 113 485
143 131 733
160 43 104
193 36 891
113 171 60
193 112 307
91 20 516
198 6 74
154 45 404
26 185 250
366
6
21 149 906
193 73 451
52 71 510
109 176 375
176 17 471
113 172 957
367
1
19 140 959
368
2
175 136 149
125 82 602
369
9
72 94 580
156 91 197
167 128 690
20 113 300
152 129 493
133 159 635
108 81 849
24 154 836
143 64 972
370
6
168 88 414
192 116 186
89 23 534
127 138 226
153 122 986
154 123 974
371
7
52 138 743
87 143 27
125 128 781
88 112 92
29 130 753
153 17 575
74 169 79
372
3
78 189 928
141 117 207
190 181 905
373
9
18 49 885
161 14 984
166 61 502
179 181 20
74 159 901
194 166 494
86 23 802
187 169 644
6 189 888
374
2
60 69 62
55 115 584
375
3
132 129 103
132 194 379
120 136 535
376
9
175 131 260
94 17 757
191 86 826
159 5 954
127 178 686
159 196 127
80 44 522
95 191 312
26 125 965
377
3
108 67 942
84 32 130
172 73 535
378
2
47 133 666
130 78 421
379
4
56 90 45
64 132 455
92 88 486
28 131 803
380
4
154 105 350
61 132 288
39 74 831
94 149 419
381
1
94 85 62
382
6
193 34 382
28 39 816
159 27 363
156 184 589
83 74 822
144 80 93
383
1
35 166 999
384
2
132 108 49
68 193 831
385
10
60 40 155
62 156 464
130 36 475
16 113 776
98 114 308
157 167 734
86 45 700
135 194 447
52 192 941
117 104 1000
386
7
187 87 749
166 194 942
5 51 859
74 177 500
185 111 786
133 49 867
12 81 817
387
1
162 115 317
388
5
33 169 550
128 163 465
102 185 361
117 69 565
163 36 125
389
5
125 144 686
71 146 854
114 94 544
174 67 161
134 33 364
390
4
164 90 81
134 111 448
64 50 350
176 31 796
391
7
4 46 50
6 185 14
74 167 120
9 161 509
41 92 566
135 122 85
90 37 315
392
3
141 182 623
146 136 21
44 64 757
393
6
171 138 472
162 31 911
136 80 349
87 145 923
49 184 358
136 196 922
394
7
92 72 156
147 155 48
14 181 793
87 92 282
25 66 51
15 198 215
23 137 94
395
10
94 34 826
114 49 429
74 33 745
48 124 339
172 17 909
123 95 501
127 65 760
90 92 314
92 87 950
153 104 54
396
8
52 115 268
192 164 736
73 132 952
77 114 869
182 174 386
159 85 619
9 49 145
128 46 291
397
4
80 122 8
168 27 64
57 86 95
195 145 70
398
9
109 44 496
104 89 29
144 47 723
66 176 965
29 179 915
96 106 882
189 70 458
154 162 60
152 125 282
399
5
138 77 249
10 65 247
181 178 9
58 106 977
40 188 565
400
5
94 38 247
42 158 304
110 174 97
158 19 721
186 162 817
401
3
69 195 771
70 51 992
142 38 619
402
10
120 195 865
98 132 861
6 130 46
160 151 43
155 185 961
118 95 908
183 158 171
162 126 758
29 67 275
145 127 854
403
3
170 93 132
174 133 469
64 155 146
404
10
196 43 658
58 185 768
180 168 297
43 124 978
125 36 357
84 113 235
29 104 836
164 183 899
143 41 817
13 40 352
405
7
124 38 613
120 6 767
60 90 867
67 148 832
59 190 623
65 169 681
163 7 975
406
8
81 35 889
87 116 16
70 49 906
26 67 775
59 183 183
129 128 365
114 70 166
161 137 0
407
1
62 38 417
408
7
65 141 826
131 164 413
113 29 882
173 173 925
193 192 393
191 82 920
129 66 367
409
8
117 92 461
177 67 225
31 163 414
57 127 614
160 15 171
141 184 646
185 163 235
29 135 969
410
8
87 117 57
179 11 8
139 198 599
163 119 763
61 42 609
109 195 56
23 139 392
13 50 964
411
7
98 124 507
175 68 812
28 189 308
172 91 751
111 23 968
57 89 396
17 47 930
412
3
106 123 517
14 63 354
126 29 87
413
7
190 196 301
123 20 20
102 156 731
22 126 361
4 111 122
175 48 830
30 108 478
414
9
17 44 534
77 165 598
179 74 554
184 162 400
195 77 899
91 59 673
54 94 233
133 63 795
6 83 324
415
8
125 14 73
79 166 502
159 28 608
90 122 408
143 16 366
12 158 125
9 168 953
141 62 518
416
5
125 134 578
14 47 944
71 38 866
4 189 546
88 115 563
417
6
159 123 699
76 62 721
133 139 719
105 188 952
132 104 968
171 163 351
418
4
153 20 706
111 103 821
33 119 196
162 122 644
419
10
129 21 810
102 168 128
70 118 579
139 27 878
130 81 640
32 189 845
74 171 609
191 92 850
77 148 500
89 37 642
420
5
136 137 568
41 103 502
171 177 840
196 194 788
84 156 373
421
4
118 148 317
6 144 346
12 78 732
50 87 538
422
4
27 149 542
47 173 341
53 82 402
9 103 24
423
8
168 65 377
24 81 854
132 7 211
174 115 292
12 179 825
88 30 406
125 146 226
50 51 50
424
9
30 50 976
179 50 958
27 115 699
102 106 116
70 133 218
107 121 452
131 167 960
114 122 326
70 39 876
425
6
116 116 122
80 107 561
113 173 972
7 198 808
104 42 577
145 180 978
426
2
133 150 385
70 196 639
427
7
113 9 743
141 125 352
156 34 805
63 115 15
7 110 621
130 145 973
60 70 789
428
3
21 52 626
111 101 5
117 111 708
429
6
157 131 810
136 160 51
192 92 65
156 133 17
73 87 674
29 120 303
430
6
95 77 268
178 31 342
143 34 666
64 74 728
114 13 182
86 167 428
431
8
77 193 788
123 8 641
12 148 489
136 59 269
46 80 685
181 131 169
43 72 863
19 176 22
432
9
126 159 764
20 195 564
141 75 135
161 82 338
146 196 646
162 112 274
69 95 144
149 101 773
34 69 740
433
2
110 49 811
127 23 580
434
2
160 35 232
195 193 91
435
10
182 160 923
125 151 438
17 64 946
34 124 518
91 68 837
138 66 786
75 35 870
61 142 289
39 173 705
188 159 816
436
2
86 35 682
171 104 314
437
5
177 155 600
143 79 951
55 89 11
163 195 507
8 75 624
438
3
174 79 381
88 81 771
190 28 959
439
3
151 123 781
11 41 73
78 167 595
440
1
79 132 846
441
10
175 24 774
50 184 884
122 47 93
165 132 559
164 150 742
6 46 53
189 55 166
163 84 848
141 142 357
180 121 770
442
1
27 98 819
443
4
153 149 441
116 30 932
145 105 983
64 91 732
444
2
32 125 58
172 12 92
445
9
7 145 385
167 39 668
180 22 790
127 152 25
85 118 275
63 69 534
12 149 227
7 55 893
153 83 59
446
4
190 171 351
83 78 376
67 144 989
18 169 952
447
3
140 122 286
50 58 892
105 143 893
448
10
112 185 411
38 118 379
109 72 36
100 70 720
88 154 881
45 55 810
153 193 372
181 72 687
134 129 556
81 147 356
449
10
157 138 549
55 145 612
85 33 17
157 14 171
157 4 93
158 84 932
161 29 297
181 30 679
95 104 743
148 139 172
450
4
194 9 353
129 196 105
54 69 821
166 196 320
451
3
95 101 724
149 23 694
86 37 581
452
4
143 192 456
178 64 943
172 46 35
131 50 736
453
2
127 81 953
123 65 523
454
3
85 123 965
148 173 624
75 124 789
455
8
58 79 578
125 173 811
183 76 263
42 141 769
52 122 792
171 71 416
24 75 281
194 79 449
456
6
32 58 995
91 182 283
117 107 329
184 52 874
117 103 479
155 21 665
457
9
153 48 184
171 78 227
57 133 861
115 69 439
13 62 143
125 183 617
59 103 26
4 72 884
13 70 584
458
7
156 68 869
45 115 731
115 115 964
146 15 817
122 163 996
113 11 888
37 151 120
459
2
165 94 763
126 148 175
460
5
159 62 523
111 7 130
183 21 14
167 198 405
178 13 105
461
1
66 113 263
462
2
134 40 667
168 148 129
463
5
63 52 823
95 171 89
71 164 860
46 49 268
11 107 918
464
8
75 78 318
11 98 968
25 122 212
183 81 669
22 88 438
37 172 367
181 156 467
59 170 931
465
10
147 179 412
41 120 129
137 29 251
183 36 934
198 80 631
14 107 672
78 109 790
67 130 151
129 158 616
164 156 219
466
3
19 162 735
185 131 449
137 148 215
467
3
60 169 231
71 186 439
29 74 736
468
10
32 196 385
173 191 867
166 7 626
57 79 656
155 120 119
167 14 969
6 84 936
14 53 365
59 163 730
14 162 922
469
7
11 198 658
127 159 907
179 160 715
32 150 991
96 137 155
139 161 346
134 151 70
470
10
63 168 178
167 108 798
76 184 389
92 170 365
58 180 165
70 148 38
151 12 486
112 135 76
119 163 251
92 48 166
471
2
111 78 915
45 98 718
472
2
30 90 152
107 51 501
473
6
35 103 735
105 166 616
162 198 857
13 126 568
53 148 380
5 132 344
474
2
40 171 42
104 107 847
475
1
146 30 771
476
8
57 171 418
78 179 913
55 155 429
174 131 706
27 182 504
64 64 701
147 123 484
100 163 945
477
7
8 189 179
71 112 554
81 80 957
85 122 767
74 185 85
70 178 774
179 159 356
478
9
123 137 106
113 69 383
43 184 500
112 61 149
57 186 964
173 20 780
86 55 533
117 135 485
153 43 269
479
3
108 130 212
184 116 357
106 83 735
480
7
89 195 119
81 77 7
142 82 667
111 175 130
188 9 141
55 127 19
47 120 479
481
5
170 78 703
146 72 869
157 190 622
32 118 24
139 77 992
482
9
161 165 80
54 173 224
38 156 767
12 108 710
165 130 984
107 19 375
187 139 329
86 40 80
171 150 737
483
3
16 78 977
109 64 461
183 193 19
484
9
75 196 140
25 57 148
22 101 258
98 173 214
25 49 945
186 86 250
145 85 593
140 175 278
34 61 904
485
4
48 140 744
77 91 714
193 28 662
54 112 489
486
2
100 94 428
196 22 571
487
3
6 163 576
6 106 631
138 145 977
488
4
136 52 412
134 65 569
121 148 656
175 83 729
489
3
144 18 352
141 47 387
44 88 320
490
10
62 177 754
168 95 6
187 83 334
67 117 153
27 195 421
8 96 365
83 124 776
100 149 296
159 120 638
32 148 631
491
1
177 5 481
492
9
44 84 908
67 124 97
136 81 814
72 74 275
110 158 162
7 82 110
133 27 931
132 83 233
107 42 632
493
5
107 182 962
142 18 901
153 91 718
28 95 738
142 107 294
494
2
165 57 102
84 144 342
495
5
52 187 252
85 34 455
51 188 729
135 128 823
139 118 893
496
10
88 73 465
93 47 336
29 49 978
181 167 161
106 166 37
167 196 417
191 89 591
171 133 605
39 62 634
10 118 283
497
3
191 71 30
117 178 537
145 55 839
498
3
140 27 646
164 154 278
5 98 785
499
5
39 184 585
134 11 712
121 23 117
155 31 695
41 138 721
500
3
136 24 555
192 34 52
109 178 537
501
8
89 118 992
94 39 669
18 65 789
165 95 241
78 29 52
114 173 516
135 45 934
140 88 234
502
4
4 170 160
26 88 282
76 148 730
120 128 34
503
7
62 135 490
189 18 47
155 79 606
71 189 564
15 50 812
191 174 46
171 98 612
504
6
158 17 158
143 191 962
16 195 911
10 116 664
144 92 824
31 77 569
505
4
68 167 422
130 114 67
22 115 426
89 96 431
506
8
114 136 3
45 188 560
150 37 416
87 190 215
136 61 260
18 129 373
80 80 399
158 145 704
507
4
109 24 695
86 47 842
132 135 402
34 42 130
508
4
86 75 993
29 78 44
13 181 368
108 194 542
509
9
90 170 513
29 90 977
186 66 625
48 175 264
183 179 878
136 62 247
138 93 757
135 24 750
128 74 626
510
7
93 29 441
90 143 59
107 23 819
60 177 516
47 129 562
60 113 425
112 17 105
511
10
100 156 989
187 189 457
174 194 171
86 166 35
168 10 483
143 160 230
116 110 344
137 28 593
106 133 25
42 146 246
512
10
124 19 318
91 193 854
167 89 571
116 10 631
50 65 552
93 36 872
170 88 639
145 75 395
15 146 166
45 116 898
513
5
168 4 872
121 151 159
158 170 247
150 33 66
119 73 226
514
4
142 10 45
76 33 927
64 163 637
192 68 535
515
10
80 174 371
127 98 600
22 160 617
140 115 438
59 68 931
146 50 331
110 145 40
11 164 388
126 14 802
191 91 579
516
4
165 189 229
87 26 331
148 154 860
131 119 320
517
4
102 56 897
193 159 416
120 108 317
187 178 985
518
1
92 93 636
519
1
65 81 759
520
3
66 85 413
137 19 201
7 139 714
521
9
119 50 852
67 115 932
98 32 482
121 74 602
145 171 323
110 15 444
90 62 132
23 53 673
139 167 532
522
6
80 77 271
4 164 983
174 91 14
139 73 53
144 50 820
153 134 964
523
7
55 177 346
65 125 875
172 26 891
105 115 352
12 75 129
6 176 676
127 22 150
524
5
75 180 989
15 157 244
54 64 770
111 82 305
176 138 24
525
4
36 131 733
195 25 186
67 145 767
94 88 30
526
10
14 143 582
79 138 812
109 186 606
15 128 881
8 177 517
89 130 221
173 16 548
108 117 452
85 145 276
50 43 714
527
6
7 179 215
35 146 388
123 144 514
52 114 769
37 132 694
132 11 744
528
8
57 98 1000
108 123 138
92 20 953
125 135 970
114 150 462
196 141 852
54 145 636
86 26 531
529
10
127 157 350
160 64 235
7 190 252
24 49 137
165 56 646
121 80 967
182 117 849
21 151 749
145 126 62
198 152 987
530
7
166 22 992
159 119 611
183 94 8
110 75 910
26 75 283
198 78 222
76 109 390
531
1
14 130 918
532
10
108 124 67
169 96 177
155 15 608
34 146 475
144 190 49
71 169 902
53 120 747
91 131 902
55 70 813
175 153 32
533
6
109 170 327
192 188 235
76 139 814
188 39 47
119 188 245
28 80 637
534
1
69 65 940
535
6
5 101 665
8 182 259
102 22 377
113 43 92
181 191 358
147 44 348
536
4
157 68 65
139 132 429
170 36 35
55 140 598
537
9
158 87 732
134 62 503
109 11 871
195 84 253
152 12 159
95 143 914
116 165 333
173 146 707
53 84 26
538
2
71 48 408
189 33 687
539
9
186 17 624
43 62 128
140 29 448
60 162 924
181 164 116
157 70 758
21 58 535
195 48 389
74 39 930
540
1
150 26 654
541
9
125 175 355
112 24 461
190 180 105
138 181 88
22 144 460
64 169 306
95 141 612
141 161 449
144 72 395
542
10
89 79 685
64 147 884
14 51 834
186 54 507
143 143 954
24 107 775
127 21 618
53 118 632
52 85 717
128 21 339
543
10
89 64 647
127 39 335
73 120 842
73 36 658
127 169 750
178 109 421
64 160 998
89 122 405
50 81 593
97 30 861
544
4
58 94 853
195 114 689
146 16 902
119 94 24
545
6
10 168 620
57 159 519
104 179 539
19 77 932
20 125 860
90 73 578
546
1
47 43 23
547
7
98 14 669
25 112 50
8 168 4
118 32 80
54 183 734
109 124 735
135 165 708
548
4
102 160 346
46 113 184
53 182 3
116 180 807
549
4
30 137 969
83 174 770
186 176 65
122 91 517
550
6
96 127 683
117 47 304
173 44 18
42 77 47
58 75 269
113 138 831
551
7
35 116 732
21 166 642
171 169 35
6 114 892
85 91 995
131 38 146
147 70 231
552
1
161 23 337
553
3
161 126 524
43 144 967
132 161 924
554
7
119 160 332
145 117 972
120 79 69
166 178 652
50 166 811
42 68 946
35 129 846
555
9
59 194 633
126 146 781
8 51 720
33 130 466
190 189 595
136 60 326
183 118 798
176 164 474
61 136 585
556
8
169 92 531
24 92 709
54 124 532
190 147 911
47 85 729
121 138 629
164 180 18
58 188 209
557
10
71 154 83
143 31 142
150 135 421
57 173 855
194 119 102
130 119 363
144 71 864
151 112 260
20 135 887
70 50 466
558
1
167 188 900
559
2
52 72 317
111 42 145
560
8
177 180 945
55 114 662
91 171 319
189 178 190
118 139 644
121 154 257
136 121 542
121 130 950
561
7
176 108 20
137 26 289
49 122 301
92 164 774
22 192 588
193 63 211
156 14 66
562
2
158 187 102
113 8 931
563
7
71 64 227
62 46 98
36 47 921
188 64 815
112 68 358
71 73 229
65 93 73
564
6
74 93 872
107 9 688
20 168 855
118 118 513
20 191 732
70 111 829
565
5
192 47 603
137 23 749
5 84 174
125 161 422
145 174 887
566
5
124 161 770
94 92 78
184 142 302
23 124 941
96 81 731
567
7
48 121 745
5 105 379
196 76 107
42 196 266
96 196 290
194 141 377
49 169 953
568
4
113 85 717
121 127 13
161 88 476
179 166 877
569
4
73 115 816
68 92 721
146 122 648
52 141 525
570
9
195 13 35
69 45 200
6 98 236
85 104 51
33 160 493
169 166 65
140 151 351
114 19 229
189 63 521
571
7
8 90 873
172 150 91
133 107 204
7 176 330
177 95 377
131 93 583
118 6 676
572
9
156 47 492
53 66 742
157 151 891
71 178 975
52 54 897
135 157 919
175 74 631
80 58 386
132 66 61
573
3
161 59 483
58 120 198
182 166 482
574
8
23 117 623
29 110 931
140 107 48
114 134 470
50 104 65
73 167 160
81 28 820
100 44 983
575
4
59 136 130
79 174 476
120 141 362
54 45 913
576
7
109 35 405
68 141 961
102 81 184
110 21 601
63 85 234
115 189 61
10 63 732
577
3
55 167 956
139 81 844
40 88 14
578
4
106 73 788
91 83 34
139 128 622
60 176 688
579
8
34 189 178
82 189 781
23 177 561
81 152 865
74 174 749
153 135 703
136 147 91
71 37 180
580
10
63 160 817
150 147 873
91 69 649
162 153 620
169 26 779
165 146 717
160 73 288
27 46 88
164 63 160
184 125 372
581
8
188 95 628
42 63 914
60 128 84
196 77 892
6 148 920
60 45 256
87 177 398
104 135 615
582
2
15 155 881
38 155 397
583
10
145 119 305
170 96 817
95 170 602
133 121 180
164 188 930
6 140 798
161 189 837
142 152 790
52 74 423
53 47 707
584
8
46 160 66
146 13 803
30 166 328
191 127 875
136 150 15
109 191 521
6 82 615
180 126 98
585
4
170 58 238
166 17 359
40 192 732
25 46 454
586
6
4 75 771
173 18 315
152 65 631
196 108 372
179 24 130
154 142 849
587
8
154 140 633
169 29 323
186 164 279
71 89 663
174 98 506
145 15 570
13 164 248
184 7 808
588
6
104 43 166
57 183 683
177 130 850
70 64 728
83 126 874
16 107 653
589
4
96 31 653
12 52 620
98 25 521
162 11 773
590
4
145 25 770
142 115 159
88 150 687
116 109 485
591
1
188 50 493
592
6
177 58 949
184 136 634
25 190 632
130 191 947
191 148 944
127 50 519
593
8
171 107 601
189 30 238
173 82 465
146 179 866
171 131 210
51 78 20
181 146 623
135 138 166
594
1
17 101 915
595
8
32 174 842
81 27 571
169 124 382
105 101 566
181 168 93
162 25 789
125 112 910
58 138 808
596
6
22 151 830
98 102 391
19 73 564
181 113 961
126 139 936
172 20 521
597
6
85 153 995
74 148 752
138 157 94
133 128 868
186 195 683
191 167 177
598
9
110 26 16
150 146 784
141 168 731
178 25 808
154 190 123
83 93 588
127 91 892
194 10 213
105 185 252
599
1
111 17 133
600
6
143 170 520
130 136 855
155 178 848
27 177 140
176 56 852
84 172 222
601
8
188 177 208
89 58 942
184 55 736
31 126 347
12 181 635
22 135 108
8 104 918
110 32 861
602
3
79 89 196
70 165 197
172 167 835
603
1
96 116 428
604
6
59 108 739
110 196 362
33 121 595
125 94 226
100 75 130
23 68 272
605
8
189 191 885
100 84 794
116 130 650
11 160 7
155 84 388
121 98 463
132 64 323
92 74 725
606
7
157 183 94
80 26 387
71 187 718
194 103 753
101 11 564
36 61 771
81 124 489
607
8
8 118 595
15 167 549
89 113 573
27 136 700
100 27 258
137 136 569
144 130 157
188 40 645
608
1
109 118 687
609
2
88 128 927
52 109 394
610
8
119 130 459
26 137 764
188 82 385
149 87 780
79 44 602
174 192 582
146 149 285
62 64 116
611
5
188 134 366
72 149 175
13 183 863
136 158 70
48 160 451
612
6
150 90 144
156 54 696
65 159 336
76 49 179
184 103 241
125 86 779
613
10
127 128 739
168 66 101
148 89 129
140 75 318
23 108 965
35 110 543
98 34 584
145 37 141
139 14 608
36 124 810
614
3
152 162 337
190 85 71
53 191 177
615
5
124 37 889
174 73 797
181 24 340
121 86 412
112 161 947
616
9
60 43 536
53 42 580
173 136 94
145 125 101
128 161 390
135 114 217
123 129 519
166 58 701
26 184 815
617
6
181 17 788
177 176 823
140 15 108
128 71 717
157 42 242
117 57 559
618
10
75 83 983
57 151 842
167 86 413
11 114 303
158 162 478
131 113 665
47 198 99
141 36 312
69 114 646
128 189 217
619
10
42 92 615
178 136 817
80 81 879
134 158 100
163 11 198
55 121 764
98 62 7
25 61 83
26 158 788
55 40 784
620
6
109 86 44
134 127 478
156 108 293
29 75 449
125 84 14
107 68 54
621
4
26 59 274
180 116 97
146 130 319
5 95 44
622
9
67 104 410
88 142 192
18 122 256
63 55 917
91 29 442
33 127 986
127 49 931
70 169 996
143 50 506
623
5
24 177 865
83 154 595
100 198 903
115 34 469
29 71 535
624
4
148 182 666
5 167 740
160 19 683
83 27 782
625
7
134 60 66
65 66 130
118 59 78
193 105 737
117 18 954
60 138 803
36 167 548
626
1
139 50 339
627
5
146 29 758
186 183 372
134 178 687
140 14 639
139 111 433
628
9
169 138 130
21 71 968
79 83 634
114 188 489
183 7 393
76 153 212
171 31 322
198 121 111
126 64 787
629
9
173 170 422
180 11 374
177 141 179
87 180 693
73 65 770
184 122 643
60 136 102
94 37 962
56 112 708
630
1
112 180 407
631
3
155 191 529
132 138 347
127 144 56
632
6
93 180 65
196 37 291
8 183 330
75 84 109
7 182 917
192 154 786
633
10
52 79 600
32 94 825
110 5 392
113 91 235
175 44 262
110 130 481
43 82 984
148 180 579
111 39 523
119 13 381
634
6
136 161 958
111 176 207
115 161 879
71 139 764
172 155 528
150 11 327
635
9
9 172 690
115 76 232
60 119 568
177 47 306
166 72 865
142 193 505
34 162 33
47 47 206
174 45 316
636
4
100 141 721
4 74 837
155 105 515
143 177 22
637
4
173 52 338
195 178 424
113 61 300
184 81 66
638
6
192 71 374
98 108 291
145 67 79
11 77 310
145 84 125
85 77 984
639
4
5 188 156
93 162 157
116 154 816
40 163 89
640
5
110 167 703
196 18 1
182 106 932
43 129 711
42 170 204
641
1
185 109 51
642
3
93 84 935
127 182 512
123 118 154
643
6
14 66 296
65 74 437
182 7 481
118 28 427
63 111 33
39 80 690
644
3
150 171 176
169 24 97
154 196 860
645
3
155 19 273
122 80 151
59 112 166
646
3
41 175 105
122 98 767
170 7 598
647
5
52 175 467
43 195 841
146 129 827
186 94 671
188 61 206
648
9
104 180 358
33 124 227
44 77 884
163 28 276
122 89 624
183 125 685
66 167 802
62 68 84
12 147 827
649
5
144 45 994
191 143 101
13 125 944
14 112 69
106 148 332
650
8
92 135 385
26 80 667
14 46 192
28 133 717
64 96 404
104 41 341
114 59 222
185 137 767
651
5
107 191 426
78 111 645
14 88 302
32 45 86
193 169 782
652
8
42 142 283
130 37 761
48 88 43
9 183 800
122 20 521
147 59 145
58 125 738
22 128 810
653
3
62 147 510
14 73 487
110 177 586
654
8
12 79 366
86 33 498
125 179 501
184 137 485
136 159 709
42 173 969
87 65 733
187 80 775
655
1
143 30 595
656
2
138 147 292
160 148 843
657
6
183 169 220
188 140 772
35 48 728
111 58 851
175 171 292
144 169 697
658
7
12 70 251
170 198 900
130 65 460
111 159 115
13 124 60
86 65 779
71 194 558
659
3
74 132 64
172 86 59
192 21 455
660
2
173 145 370
137 109 561
661
10
148 184 817
171 182 578
139 140 297
188 108 909
69 152 449
74 198 256
155 39 866
168 123 171
182 35 729
116 151 917
662
10
16 169 698
95 155 191
139 21 94
192 125 230
160 41 475
105 64 50
33 145 312
93 68 666
76 156 711
75 82 750
663
7
33 144 884
44 181 285
22 50 1
145 189 815
162 118 937
73 164 338
112 63 478
664
3
35 57 698
105 139 172
55 76 9
665
3
158 188 904
186 165 577
96 144 70
666
1
120 12 732
667
1
30 132 39
668
2
160 95 399
155 111 154
669
6
85 29 680
105 131 637
107 162 775
154 5 580
106 172 533
113 195 544
670
7
35 65 134
36 91 676
77 55 51
12 192 155
160 84 296
155 64 650
27 126 561
671
7
11 129 538
149 179 779
71 66 326
102 182 16
188 45 569
118 196 981
43 79 216
672
5
184 196 573
117 71 676
109 167 33
20 52 915
21 131 191
673
5
85 67 55
38 115 332
48 130 175
153 167 737
123 98 882
674
8
195 24 245
92 76 489
72 42 209
22 150 201
170 52 927
132 132 224
119 136 630
188 21 502
675
2
118 16 708
114 167 715
676
7
44 152 746
96 150 389
28 113 713
81 117 53
113 162 958
161 170 426
88 107 529
677
3
110 76 36
173 26 792
145 70 146
678
3
24 54 547
122 124 573
153 137 497
679
9
165 168 590
164 22 4
171 69 347
195 195 708
187 92 215
50 159 975
58 109 29
60 54 461
95 147 444
680
7
22 114 266
145 168 134
167 91 912
158 147 777
78 127 483
120 179 728
52 81 336
681
5
130 59 608
73 61 821
95 177 583
189 14 434
82 120 12
682
9
144 172 646
106 147 768
77 129 455
37 69 636
175 154 620
129 159 155
111 130 903
156 105 968
84 176 93
683
4
196 81 874
165 174 491
117 79 268
84 85 260
684
6
58 131 492
185 151 780
42 139 142
138 127 938
108 41 265
136 96 950
685
3
110 120 228
127 192 478
31 94 353
686
5
27 82 28
21 110 539
158 164 948
104 19 241
48 131 295
687
2
158 59 559
174 23 514
688
7
51 170 532
52 132 73
129 166 233
28 191 925
8 83 928
106 18 161
156 106 868
689
2
118 8 532
172 170 476
690
7
82 67 39
150 9 225
43 141 263
85 194 829
72 71 461
6 75 957
126 174 182
691
3
157 150 147
24 118 235
184 159 289
692
1
68 188 487
693
8
74 86 434
136 41 576
118 38 582
23 113 897
85 93 483
62 80 929
66 69 575
165 93 712
694
7
110 180 589
163 19 761
24 59 861
140 125 666
121 169 278
167 114 304
100 33 528
695
9
77 157 983
194 56 836
198 73 166
188 193 546
173 139 699
65 96 387
76 69 376
102 157 49
47 101 283
696
5
188 6 484
18 152 825
75 75 580
55 98 101
182 27 915
697
8
157 142 159
30 158 259
146 125 279
22 72 317
120 33 967
118 15 203
69 62 964
4 128 419
698
3
64 65 847
163 103 307
44 177 703
699
5
64 161 728
73 179 922
190 121 158
95 117 597
147 167 149
700
7
118 20 547
115 37 826
111 170 491
61 82 738
68 144 234
59 125 348
59 118 840
701
2
178 19 56
36 65 99
702
10
177 46 949
87 107 737
61 148 574
153 23 363
94 184 628
55 105 480
15 152 327
106 112 238
48 39 82
21 144 170
703
1
154 131 975
704
3
192 171 163
23 91 936
141 138 413
705
9
127 154 724
39 84 910
67 122 506
182 21 818
39 135 708
110 83 355
34 94 79
36 78 624
179 116 688
706
10
176 33 997
72 112 237
157 26 889
73 109 536
107 49 788
124 167 881
128 193 932
126 119 46
132 60 854
113 30 98
707
9
134 31 124
177 76 968
137 145 94
38 194 644
62 104 479
185 180 198
121 28 573
82 83 607
126 118 68
708
2
172 194 64
116 47 383
709
10
43 164 999
171 184 890
188 89 800
158 31 240
190 104 653
171 76 980
163 26 962
162 34 907
133 122 963
48 92 509
710
9
93 63 243
36 41 308
50 86 505
30 134 550
123 162 206
32 83 250
193 41 850
42 175 719
6 194 816
711
8
125 26 252
165 33 279
160 134 101
112 59 854
44 47 815
119 138 277
34 59 830
128 191 865
712
6
72 69 274
130 169 728
14 40 4
81 145 659
73 63 677
129 98 241
713
6
84 109 372
145 22 830
11 63 989
38 158 723
118 129 426
41 106 354
714
5
30 194 551
136 71 923
144 161 579
57 39 952
43 103 426
715
5
36 183 484
65 191 595
55 46 11
162 13 427
139 115 140
716
4
28 178 171
146 173 146
164 91 710
56 180 467
717
8
95 46 531
74 50 180
87 113 174
31 78 48
132 10 781
52 76 813
167 80 916
83 26 432
718
5
115 190 836
148 64 724
105 130 691
164 139 428
90 175 341
719
7
133 58 739
168 125 760
137 195 25
36 147 659
112 69 423
5 45 466
183 156 417
720
2
20 61 496
85 168 407
721
4
74 53 935
43 137 366
87 79 436
63 46 976
722
3
109 70 103
134 145 95
19 179 807
723
6
61 44 218
56 107 998
96 80 411
191 172 625
175 33 331
52 46 771
724
4
195 66 224
133 81 115
54 80 617
117 10 717
725
10
172 33 674
137 30 116
186 11 591
111 93 961
188 110 373
192 115 910
70 194 392
118 39 660
17 149 161
185 69 621
726
8
129 120 741
145 150 709
124 54 487
168 167 759
124 110 6
105 140 482
154 64 649
150 119 783
727
10
142 160 402
191 137 75
128 194 906
142 32 890
12 141 196
134 26 534
174 86 869
132 145 973
42 101 736
89 28 869
728
1
62 190 567
729
9
86 78 895
62 51 141
53 137 956
198 114 844
74 63 37
65 148 680
152 4 237
126 165 570
69 116 596
730
1
148 147 323
731
1
191 139 710
732
2
174 160 890
60 142 767
733
3
192 149 427
178 49 781
129 34 939
734
7
16 84 204
110 7 89
19 152 209
81 106 933
23 133 757
140 94 130
189 32 163
735
5
18 94 881
133 112 577
85 64 649
177 153 304
25 75 887
736
1
195 151 712
737
10
114 121 320
112 38 367
156 192 305
47 176 874
26 113 888
177 148 427
90 138 212
175 127 648
38 64 732
172 135 657
738
9
177 117 324
114 29 310
96 162 936
159 60 319
74 76 507
185 14 422
96 105 957
112 86 283
116 35 336
739
5
4 65 974
89 173 245
131 98 143
146 156 320
193 10 940
740
4
157 95 597
166 48 759
105 159 226
18 111 390
741
1
164 128 329
742
8
129 75 420
143 141 2
115 105 782
60 107 530
89 137 776
159 35 694
117 25 99
41 142 1
743
5
184 11 73
77 177 297
68 117 971
117 34 706
166 189 668
744
1
189 198 339
745
3
45 109 536
159 161 868
55 74 598
746
8
104 150 298
161 147 804
164 130 918
191 193 314
44 90 291
194 26 874
69 59 560
129 186 548
747
6
166 95 262
40 111 131
91 91 988
138 109 35
45 119 82
176 9 226
748
4
179 189 912
36 74 140
171 61 818
152 31 444
749
2
189 24 669
162 44 742
750
9
31 178 866
38 117 542
164 67 119
135 92 390
172 85 274
150 75 867
84 89 763
132 94 865
120 35 211
751
1
134 152 930
752
2
43 133 320
95 164 17
753
8
172 55 517
85 63 957
10 56 751
138 110 964
88 94 474
29 86 32
144 118 485
41 55 249
754
1
63 157 431
755
8
143 29 748
85 126 385
196 181 765
63 77 52
35 153 193
84 95 419
184 146 87
108 68 649
756
1
83 89 866
757
9
185 59 383
166 162 120
16 185 167
183 26 252
162 60 68
122 21 582
109 39 789
75 198 851
11 82 188
758
4
58 69 11
107 106 288
187 43 873
112 166 415
759
2
31 46 438
165 105 954
760
5
4 109 121
80 195 865
90 60 365
169 164 878
121 165 884
761
2
163 110 810
178 52 454
762
6
106 124 964
78 67 309
115 51 995
152 78 94
136 190 813
35 98 14
763
6
94 115 832
78 125 40
68 81 723
58 65 94
43 86 507
188 161 232
764
2
68 191 632
162 69 405
765
5
127 177 46
117 196 906
124 188 123
157 118 345
129 24 40
766
5
86 172 225
166 124 848
76 129 460
153 109 499
173 22 435
767
6
102 10 592
194 135 764
127 179 788
66 159 61
194 125 920
108 42 102
768
7
88 161 207
59 83 529
52 142 124
186 138 720
131 195 178
112 147 521
168 131 566
769
9
168 132 794
71 49 114
139 141 387
176 66 603
187 19 556
174 110 541
147 187 728
107 91 373
127 36 281
770
5
80 116 343
185 133 687
179 150 368
29 188 448
183 4 110
771
5
25 93 324
48 84 628
128 185 410
156 77 847
64 189 351
772
1
135 163 78
773
6
90 145 560
26 172 39
59 74 775
155 174 447
98 22 583
126 57 969
774
6
86 157 344
168 59 81
53 129 213
129 150 137
93 130 108
46 156 866
775
1
45 85 331
776
7
57 123 505
54 66 444
141 159 301
195 21 257
108 171 329
91 140 198
147 34 458
777
9
111 36 275
26 123 29
163 57 111
86 174 1
91 26 451
107 64 296
133 54 832
100 59 994
111 171 811
778
10
107 89 901
4 168 841
116 131 482
60 139 990
74 176 872
120 178 797
72 191 129
27 60 199
86 107 845
5 48 403
779
1
195 148 633
780
10
10 75 137
42 70 236
41 148 363
52 69 955
62 181 418
189 134 260
149 187 786
65 107 810
192 120 612
89 75 316
781
4
166 52 557
169 28 921
156 69 165
189 43 878
782
9
63 84 181
83 57 859
18 115 167
37 53 910
108 125 396
87 40 77
196 80 589
136 133 716
88 184 37
783
7
188 16 305
68 128 10
187 72 761
77 145 744
73 104 766
121 163 496
90 127 869
784
9
155 144 635
78 152 528
155 36 794
178 103 915
123 80 842
189 173 443
155 128 829
84 149 850
106 181 429
785
4
198 146 150
198 60 195
14 123 739
138 65 173
786
2
71 114 890
7 195 114
787
2
143 129 648
154 84 417
788
10
64 119 887
78 145 254
176 141 918
93 86 312
77 135 168
106 118 841
133 130 661
72 130 93
161 146 840
173 165 777
789
9
91 79 974
113 146 333
128 108 61
41 137 664
190 82 86
134 160 709
113 47 53
170 189 622
21 121 771
790
9
28 91 732
12 93 161
152 37 498
45 185 310
126 117 653
177 53 599
171 198 550
39 41 60
70 89 68
791
8
121 99 549
42 148 145
8 62 2
88 187 664
186 37 847
17 123 979
20 65 831
55 120 19
792
5
179 32 999
127 33 618
21 65 281
72 126 886
69 180 783
793
1
180 137 598
794
5
188 104 370
174 109 497
36 136 197
180 96 53
86 95 741
795
6
172 159 439
163 152 222
46 98 227
189 123 123
33 196 737
183 154 137
796
8
129 93 467
128 96 332
153 169 892
125 159 847
159 128 21
122 138 555
160 196 793
61 39 54
797
3
131 144 335
188 174 268
167 146 540
798
10
20 115 809
19 89 283
141 136 943
79 152 911
29 155 455
178 15 308
93 88 533
184 73 125
92 176 371
192 73 280
799
6
91 133 606
148 29 728
195 186 1
96 160 137
184 184 283
178 38 968
800
7
194 190 879
63 60 272
107 169 74
144 145 472
18 127 665
157 21 51
194 158 774
801
5
57 140 725
133 11 603
42 193 869
11 166 412
181 96 964
802
4
155 88 350
9 174 270
91 80 731
39 60 506
803
6
27 165 498
125 181 393
22 45 767
6 149 623
13 194 800
196 124 419
804
8
118 192 912
91 39 275
79 61 940
43 73 453
138 128 190
24 129 148
52 173 683
147 5 978
805
5
15 63 129
188 72 749
4 138 311
54 92 287
27 66 845
806
9
21 161 451
90 162 369
154 198 682
75 98 625
65 104 67
188 154 790
155 93 29
64 171 207
185 67 145
807
3
161 111 99
141 114 713
195 116 873
808
6
128 81 483
148 171 725
15 115 751
25 96 646
100 113 108
27 168 167
809
8
126 188 230
179 95 112
188 147 929
127 148 508
12 66 565
184 68 926
76 116 499
177 49 407
810
9
78 34 215
63 49 378
7 172 46
109 47 123
104 67 882
163 161 890
120 66 280
26 78 125
187 126 21
811
7
175 178 30
194 45 362
171 79 67
144 22 918
144 134 427
28 188 391
177 133 19
812
5
159 141 870
20 71 812
50 188 737
104 183 947
140 18 444
813
3
30 109 418
98 116 208
141 179 414
814
3
42 178 30
42 69 352
150 81 245
815
4
8 71 772
115 19 916
63 89 257
12 56 771
816
8
122 188 955
155 148 897
47 69 984
19 132 194
187 60 103
136 88 842
84 73 147
79 103 489
817
1
146 46 726
818
5
120 8 236
39 143 978
45 169 251
93 164 708
57 124 800
819
8
18 48 30
147 108 779
173 25 269
35 133 561
7 138 195
86 109 257
129 51 506
46 198 341
820
9
133 19 756
195 169 867
100 109 520
187 82 914
152 8 600
163 188 156
69 119 592
12 59 529
43 183 589
821
7
77 79 289
121 112 891
154 107 72
106 182 428
64 196 628
47 108 398
88 34 280
822
7
163 179 1000
60 135 533
183 136 759
43 189 351
138 108 471
184 33 204
189 107 198
823
6
193 132 318
196 60 732
17 133 8
167 122 774
119 133 671
27 108 448
824
3
136 162 387
195 93 342
193 5 575
825
3
10 121 752
96 42 127
88 67 96
826
1
68 35 666
827
7
43 187 783
147 105 101
89 155 355
142 75 741
43 172 533
108 17 347
141 72 185
828
2
40 134 83
96 21 370
829
3
77 31 547
54 119 140
194 77 440
830
8
132 91 873
198 128 259
154 69 167
132 61 167
22 80 319
82 166 42
127 109 983
172 21 497
831
5
171 141 244
186 167 801
77 47 877
118 112 497
113 48 359
832
9
44 58 928
193 161 97
125 157 998
175 139 738
42 128 829
74 103 69
114 85 58
187 124 236
141 118 808
833
4
169 65 700
119 20 744
30 91 760
195 74 421
834
1
112 121 152
835
6
170 188 115
189 161 449
120 129 912
149 72 526
80 194 199
128 195 434
836
9
23 149 711
176 173 677
85 116 860
181 92 501
169 39 744
137 8 541
55 91 166
11 109 431
15 135 842
837
2
90 25 887
46 44 516
838
6
110 159 183
172 9 829
137 153 386
116 79 452
93 73 281
131 18 70
839
2
54 79 901
31 90 298
840
1
124 186 32
841
6
111 165 128
111 51 928
142 134 784
100 110 702
154 21 889
35 83 34
842
4
180 128 168
7 136 958
166 6 659
107 30 778
843
8
57 83 977
25 115 92
166 14 813
148 6 308
56 190 433
25 45 743
187 48 423
88 119 499
844
6
79 112 223
182 29 951
138 156 632
62 112 110
74 82 271
162 107 738
845
4
180 186 770
174 38 692
5 147 411
89 165 113
846
2
128 52 524
148 88 585
847
6
105 177 3
64 57 224
156 104 578
118 113 992
157 38 377
60 72 487
848
7
62 78 893
144 25 89
89 39 798
58 163 9
171 147 313
176 130 113
117 137 944
849
7
133 151 876
131 120 573
121 21 892
105 47 808
142 114 958
128 151 555
98 113 432
850
5
118 10 646
62 91 565
23 66 117
125 147 428
121 103 36
851
7
181 158 755
45 172 874
131 181 675
76 32 761
93 18 335
186 114 592
106 115 258
852
2
189 172 740
183 165 505
853
7
9 117 555
177 119 872
164 26 666
86 136 589
62 45 587
175 16 232
190 74 716
854
1
105 111 397
855
1
117 194 231
856
4
112 94 87
180 151 582
22 147 820
76 171 603
857
4
138 48 85
93 135 519
90 30 731
13 135 342
858
4
89 187 23
113 119 419
106 92 27
153 190 111
859
2
120 126 488
35 56 530
860
5
9 64 582
133 162 850
186 194 474
158 183 145
59 188 143
861
9
59 51 822
162 151 113
185 157 85
195 80 368
53 139 543
146 174 545
85 62 555
153 198 693
52 179 144
862
7
119 44 652
124 24 142
117 115 450
31 95 449
43 123 164
147 146 707
11 133 372
863
10
135 37 889
182 14 481
182 23 86
77 108 113
109 132 137
118 25 23
28 140 599
37 57 965
179 90 268
133 160 948
864
8
161 179 554
11 84 15
34 122 425
190 128 518
150 130 309
185 167 980
148 80 589
12 63 470
865
4
140 165 100
84 37 926
52 194 629
141 133 743
866
7
102 109 867
82 51 256
43 193 944
166 131 552
158 62 448
138 37 204
44 140 569
867
7
127 188 381
88 109 702
188 195 9
162 129 977
24 128 317
124 50 780
190 91 711
868
10
55 119 414
26 141 113
65 164 735
16 160 535
172 18 341
166 164 174
36 105 96
172 70 721
137 165 457
63 110 219
869
7
6 73 78
114 165 652
167 136 637
181 26 380
35 137 602
37 44 779
59 123 415
870
1
170 149 227
871
10
40 148 794
50 55 19
66 147 61
107 174 737
89 150 921
40 65 371
178 76 712
135 126 220
184 91 245
182 179 15
872
3
29 63 791
5 90 702
10 149 667
873
6
54 158 487
194 183 393
190 136 409
57 105 602
144 151 171
124 56 364
874
7
52 56 735
112 156 253
188 150 853
26 155 575
124 125 166
145 101 811
126 95 873
875
2
32 190 163
137 9 147
876
5
131 36 750
160 184 507
82 115 680
179 79 754
198 76 50
877
5
16 163 526
94 70 188
190 36 668
23 112 736
32 46 552
878
2
157 66 419
143 77 545
879
3
118 11 870
26 56 631
113 22 240
880
6
93 35 601
63 142 339
26 154 115
54 150 13
7 168 848
79 179 298
881
4
76 36 51
168 110 105
196 36 829
120 55 695
882
4
87 110 375
24 115 27
94 94 608
163 140 22
883
4
125 95 306
154 166 562
39 182 132
194 35 926
884
3
55 109 543
133 98 933
53 115 463
885
5
144 61 87
175 135 193
94 19 765
56 85 630
12 173 583
886
10
60 147 610
13 170 73
147 16 480
37 147 548
102 181 438
178 121 525
4 130 194
6 129 265
116 14 108
145 133 589
887
1
16 193 187
888
1
159 30 112
889
4
100 148 188
110 161 707
152 189 225
155 29 236
890
7
175 195 667
152 107 777
92 129 465
21 68 73
33 171 185
36 121 89
25 79 720
891
8
126 33 552
143 105 871
141 170 24
128 59 762
131 80 130
5 103 658
113 142 864
147 14 406
892
9
116 93 551
7 162 828
42 130 75
145 81 695
117 65 545
152 136 306
5 47 783
78 190 341
25 165 985
893
9
152 10 47
11 110 779
76 146 611
115 66 486
92 104 723
108 188 76
167 37 632
64 56 91
102 116 416
894
7
108 139 593
142 59 329
152 70 305
177 157 697
92 45 954
31 179 855
147 125 452
895
1
128 83 890
896
4
130 138 789
195 83 404
25 70 260
190 138 45
897
6
167 118 325
102 45 104
86 92 642
195 70 119
160 143 52
188 123 337
898
1
127 89 484
899
5
4 160 702
114 109 511
170 166 729
32 171 904
153 168 828
900
5
126 20 339
126 186 787
171 58 580
168 149 957
58 82 767
901
5
22 188 816
17 86 681
116 173 144
141 113 242
158 161 970
902
10
128 122 796
159 131 681
9 109 527
194 11 802
181 29 518
177 198 660
113 103 714
183 195 136
157 146 379
185 30 613
903
4
125 191 559
151 186 225
21 74 850
48 188 23
904
7
111 150 888
160 93 151
146 114 859
29 107 287
192 23 246
69 184 752
13 141 6
905
8
9 47 278
155 10 761
111 140 558
71 90 375
112 72 184
69 42 209
133 59 868
119 93 756
906
6
161 116 330
45 138 881
153 131 603
144 93 289
43 111 910
159 63 946
907
10
136 78 495
79 129 43
154 74 872
46 170 133
158 125 76
129 161 318
25 117 541
90 142 703
80 79 647
158 122 180
908
6
165 22 363
149 198 362
137 76 902
159 124 81
37 153 195
23 190 943
909
5
104 56 765
10 129 459
129 95 482
90 98 324
124 107 199
910
2
82 118 87
8 124 294
911
4
49 85 751
114 170 745
18 166 36
116 192 783
912
1
169 150 917
913
8
105 70 697
167 176 989
123 55 460
139 152 886
80 134 485
111 132 610
54 149 823
140 132 565
914
2
190 150 802
102 66 775
915
7
44 93 482
189 164 342
81 192 830
141 134 602
69 31 646
99 81 362
175 170 610
916
5
45 149 938
88 32 334
84 106 938
14 49 59
155 181 527
917
2
45 195 351
168 134 253
918
8
143 130 275
89 65 245
152 196 639
194 85 260
155 78 868
26 186 511
133 163 918
119 147 1000
919
9
142 190 522
64 145 115
12 115 701
70 109 591
129 115 711
110 175 259
156 45 275
177 189 682
179 19 966
920
5
145 78 398
163 51 728
175 175 586
100 160 912
36 186 410
921
9
60 151 394
62 108 145
109 147 906
94 35 309
131 138 664
38 59 507
21 137 687
184 133 608
35 159 295
922
3
119 37 163
27 120 106
15 54 367
923
1
12 138 708
924
7
72 55 172
118 141 838
36 144 806
171 49 871
95 193 215
143 75 692
89 67 830
925
1
129 29 374
926
7
63 165 472
175 132 162
125 123 975
108 118 129
58 62 966
26 52 380
124 23 334
927
7
173 159 204
65 181 753
146 12 510
122 49 14
142 106 9
176 149 249
16 177 907
928
1
74 191 669
929
7
104 66 95
134 6 184
54 148 767
54 118 44
100 95 282
100 78 335
146 84 879
930
4
155 136 463
124 191 118
51 179 449
126 47 874
931
5
126 93 427
7 166 1
39 122 506
47 112 98
176 93 904
932
1
54 133 283
933
5
39 146 663
178 37 844
148 164 130
130 108 688
120 48 179
934
9
82 108 453
28 74 684
140 137 805
191 84 67
131 189 496
130 133 641
130 88 416
122 34 191
34 45 256
935
3
193 106 65
74 128 254
28 146 28
936
5
15 123 343
81 96 629
158 126 172
179 18 870
139 28 245
937
8
151 171 122
94 131 971
142 168 186
164 134 430
130 66 943
124 136 851
109 115 975
198 10 895
938
9
142 92 582
84 90 523
114 128 998
57 104 741
161 21 215
37 196 883
155 80 129
32 133 388
74 155 794
939
10
72 82 125
12 143 978
109 125 657
125 190 343
26 189 512
40 150 200
121 59 780
176 87 739
56 103 442
186 141 291
940
3
100 79 472
11 143 151
7 130 625
941
5
137 44 717
140 7 236
153 130 227
86 32 864
177 16 485
942
4
108 146 605
189 36 576
183 131 671
61 191 819
943
1
40 181 644
944
1
13 190 719
945
4
180 165 217
152 139 832
108 176 663
145 185 917
946
1
127 145 897
947
8
45 118 314
138 137 94
43 179 234
13 69 595
159 7 215
72 160 799
38 98 319
158 104 747
948
1
138 49 815
949
4
60 110 261
93 51 870
145 170 927
185 66 535
950
3
196 107 958
121 91 318
9 166 616
951
2
114 146 822
129 14 27
952
8
110 63 739
132 35 845
170 13 437
138 116 590
18 96 691
41 129 384
50 182 729
165 26 288
953
6
49 71 520
119 190 965
158 71 184
168 192 654
26 187 408
19 142 356
954
9
93 111 727
187 51 882
135 23 444
198 117 253
86 49 606
48 89 70
61 144 799
116 6 529
15 158 399
955
3
110 78 651
122 113 391
189 44 13
956
8
127 5 948
109 151 588
80 129 9
91 88 123
42 167 177
135 139 436
7 49 646
86 89 246
957
8
88 110 834
124 84 748
159 32 368
162 133 416
60 173 5
102 195 479
42 184 775
64 59 586
958
8
10 101 364
118 114 47
129 5 461
7 43 136
41 115 724
11 70 108
28 118 685
160 147 456
959
2
36 119 982
125 137 230
960
3
130 139 769
132 8 160
187 68 488
961
3
118 146 915
22 111 826
29 198 462
962
5
186 4 249
34 79 707
67 176 889
106 117 550
156 186 357
963
7
164 20 131
167 137 606
125 32 133
64 36 202
185 153 216
37 56 893
139 117 691
964
8
118 125 877
157 51 343
140 16 420
94 26 204
165 55 638
171 92 786
95 38 448
5 75 308
965
10
104 94 196
182 149 843
37 95 710
13 134 964
57 168 740
106 138 149
139 69 20
5 78 1
189 75 568
62 134 352
966
7
156 150 515
186 14 946
28 47 310
61 196 841
61 125 226
165 151 939
150 157 306
967
6
154 168 334
192 74 9
160 59 580
33 134 428
54 65 486
137 169 608
968
7
188 28 418
105 67 738
173 104 274
42 51 497
194 163 233
143 59 96
117 67 919
969
5
175 107 432
180 25 819
124 172 986
127 64 778
47 104 830
970
7
159 103 379
55 50 909
109 21 809
80 127 316
8 39 552
186 171 821
131 130 749
971
2
10 87 766
173 53 64
972
9
89 169 306
105 85 648
178 138 983
182 164 302
102 102 369
182 163 479
31 104 450
138 98 35
123 57 516
973
10
150 186 190
6 87 441
63 62 163
179 141 629
196 173 579
79 101 567
118 30 982
66 67 815
123 27 891
189 170 86
974
9
190 69 322
148 131 883
167 194 178
184 164 442
182 58 500
13 89 570
10 146 193
83 150 890
60 79 73
975
8
122 5 286
89 191 229
22 166 528
164 49 66
184 151 728
194 44 335
87 49 777
48 81 582
976
3
39 117 788
34 96 80
73 129 344
977
3
163 46 574
189 188 984
108 143 165
978
8
164 76 132
190 15 740
149 185 734
160 27 586
187 91 319
55 43 784
163 47 209
89 143 316
979
2
54 130 45
158 128 629
980
2
189 131 930
44 107 116
981
10
92 194 394
93 72 562
110 67 241
186 51 815
19 105 503
35 192 957
118 110 638
133 118 366
193 88 696
123 105 13
982
2
137 27 133
130 11 41
983
2
112 66 355
111 188 202
984
4
10 81 175
18 105 72
131 196 264
64 130 941
985
7
133 106 369
191 130 591
133 90 528
16 189 520
135 135 73
107 119 642
14 144 582
986
6
108 31 563
119 104 30
93 93 552
24 168 476
118 123 881
162 27 62
987
6
86 72 291
190 37 929
189 74 886
144 149 41
78 90 688
68 135 519
988
3
26 151 232
174 70 510
155 65 278
989
8
67 90 706
72 158 102
30 145 809
109 187 440
114 96 397
126 15 331
20 181 743
146 22 648
990
8
68 139 654
20 194 396
6 41 556
118 12 598
52 116 61
47 148 561
31 114 283
184 108 451
991
8
28 117 251
85 28 78
124 59 496
170 64 558
149 171 442
53 163 203
171 185 744
155 44 96
992
3
183 108 743
176 144 20
106 96 124
993
8
46 144 49
26 132 678
130 38 784
42 166 910
109 148 637
24 157 550
163 158 544
43 88 741
994
10
193 64 534
150 151 361
114 127 441
39 116 685
180 81 247
155 66 925
139 17 328
198 150 91
158 142 390
78 161 27
995
7
117 177 757
83 103 121
58 189 522
178 90 784
88 146 267
131 21 328
65 48 893
996
8
140 112 402
33 76 622
6 184 389
59 69 41
175 47 891
24 172 623
111 181 382
186 112 285
997
6
169 129 852
65 89 110
153 138 473
145 83 568
153 28 299
39 177 975
998
9
46 134 742
87 179 460
95 184 902
185 101 472
110 191 615
60 81 570
83 115 720
45 162 60
167 18 506
999
10
39 108 665
65 128 729
8 60 782
47 146 235
91 84 796
35 52 704
59 176 924
53 85 232
29 158 973
76 83 126
